Assignment 3 Q2/Q3 summary
RMSE: 1.8376062742161097
Best regParam: 0.01
Best elasticNetParam: 0.0
Intercept: 0.1831929583248626
Coefficients:
  feature_0: 0.2852030678495417
  feature_1: -0.5175910284093884
  feature_2: 0.2046043242035856
  feature_3: 0.14096810091436596
  feature_4: -0.37202906117221546
  feature_5: -2.7787596923672595
  feature_6: -1.4016450136656715
  feature_7: 0.0
  feature_8: -0.2966740072936306
  feature_9: 1.1743425224882909
  feature_10: 0.0065950555880152275
  feature_11: -0.13901704163633397
  feature_12: -0.02860069817519725
  feature_13: 0.13305748013405946
  feature_14: -0.003175422388513064
  feature_15: -0.015659205957874348
  feature_16: 0.0027892415931749003
